## correlation coefficient matrix for samples' expression level
#correlation	S31612	S29620	S26146	S30548	S30956	S31533	S29615	S31680	S30686	S30644
S31612	1.000	0.210	0.007	0.931	0.882	0.881	0.090	0.790	0.949	0.849
S29620	0.210	1.000	0.965	0.308	0.193	0.193	0.979	0.563	0.191	0.229
S26146	0.007	0.965	1.000	0.085	0.008	0.008	0.996	0.374	0.006	0.009
S30548	0.931	0.308	0.085	1.000	0.833	0.828	0.166	0.891	0.874	0.932
S30956	0.882	0.193	0.008	0.833	1.000	0.989	0.094	0.794	0.832	0.832
S31533	0.881	0.193	0.008	0.828	0.989	1.000	0.096	0.806	0.827	0.842
S29615	0.090	0.979	0.996	0.166	0.094	0.096	1.000	0.451	0.084	0.092
S31680	0.790	0.563	0.374	0.891	0.794	0.806	0.451	1.000	0.713	0.911
S30686	0.949	0.191	0.006	0.874	0.832	0.827	0.084	0.713	1.000	0.742
S30644	0.849	0.229	0.009	0.932	0.832	0.842	0.092	0.911	0.742	1.000
